00000000000000000000000000000000
01001000000000101000000000000000
11001000000000001000000000000000
01001000000001100000000000000000
11001000000000001000000000000000
11001000000001100000000000000000
00101000000000101000000000000000
01101000000000001000000000000000
00101000000001100000000000000000
10101000000000101000000000000000
00101000000000010000000000000000
00000000000001001000000000000000
11001000000000101000000000000000
00000000000001110000000000000000
00000000000000000000000000000000
00000000000000000000000000000000
00000000000000000000000000000000
00000000000000000000000000000000
00000000000000000000000000000000
10000000000000000000000000000000
00000000000000000000000000000000
11001000000000000000000000000000
10000000000000000000000000000000
00000000000000000000000000000000